l1_A,l2_A,l1_W,l2_W,thresholded,K,p,method,Khat_huy,Khat_huy_thresh,Khat_olga,Khat_olga_thresh,Khat_tracy,Khat_tracy_thresh,N,n,seed,n_anchors,noise_generation,n_frac,exp,VHMethod,noise_level
3.1348775628400296,0.042557838974480705,61.5805864014858,5.041658747852369,0,3,3415,LDA,1,111.80816281046354,1,17.176999228344258,1,11449.519168845496,50,100,2,0,uniform,0.5,purely_synthetic_experiment2,SVS,0
2.314369231828605,0.040799925397981114,57.47936455319568,4.736710865836802,0,3,3415,TopicScore,1,111.80816281046354,1,17.176999228344258,1,11449.519168845496,50,100,2,0,uniform,0.5,purely_synthetic_experiment2,SVS,0
1.965520860711574,0.02502647645609109,59.47238229188959,5.012834470835264,0,3,3415,AWR,1,111.80816281046354,1,17.176999228344258,1,11449.519168845496,50,100,2,0,uniform,0.5,purely_synthetic_experiment2,SVS,0
3.609654029447721,0.0579632079900913,52.154415645181416,4.270682322900543,0,3,3415,TSVD,1,111.80816281046354,1,17.176999228344258,1,11449.519168845496,50,100,2,0,uniform,0.5,purely_synthetic_experiment2,SVS,0
4.527691761872316,1.4242917087657023,116.13835213932254,8.92029361049741,0,3,3415,Bing,1,111.80816281046354,1,17.176999228344258,1,11449.519168845496,50,100,2,0,uniform,0.5,purely_synthetic_experiment2,SVS,0
2.4925351673879663,0.03597115187802641,56.52244432604296,4.537549067106782,0,3,3415,Ours_0.1,1,111.80816281046354,1,17.176999228344258,1,11449.519168845496,50,100,2,0,uniform,0.5,purely_synthetic_experiment2,SVS,0
3.537297681605721,0.06718673250731494,53.57613650839506,4.327921288301916,0.6793557833089312,3,3415,Ours_0.5,1,111.80816281046354,1,17.176999228344258,1,11449.519168845496,50,100,2,0,uniform,0.5,purely_synthetic_experiment2,SVS,0
4.130022964276049,0.12192389216990479,61.04442977043684,5.255742824047218,0.8998535871156662,3,3415,Ours_1,1,111.80816281046354,1,17.176999228344258,1,11449.519168845496,50,100,2,0,uniform,0.5,purely_synthetic_experiment2,SVS,0
4.130022964276049,0.12192389216990479,53.98939929940546,4.488465650256168,0.8998535871156662,3,3415,Ours_2,1,111.80816281046354,1,17.176999228344258,1,11449.519168845496,50,100,2,0,uniform,0.5,purely_synthetic_experiment2,SVS,0
4.1294492180519216,0.12164029175354621,58.63703834163143,4.989047492478162,0.8998535871156662,3,3415,Ours_4,1,111.80816281046354,1,17.176999228344258,1,11449.519168845496,50,100,2,0,uniform,0.5,purely_synthetic_experiment2,SVS,0
4.1294492180519216,0.12164029175354621,58.63703834163143,4.989047492478162,0.8998535871156662,3,3415,Ours_8,1,111.80816281046354,1,17.176999228344258,1,11449.519168845496,50,100,2,0,uniform,0.5,purely_synthetic_experiment2,SVS,0
3.1760586315305104,0.042454457477453994,61.63068028471773,4.647222020802139,0,3,3514,LDA,1,111.80816281046354,1,17.176999228344258,1,11449.519168845496,50,100,2,1,uniform,0.5,purely_synthetic_experiment2,SVS,0
2.332726042142869,0.03854757731636137,63.7405346199012,4.892577008103096,0,3,3514,TopicScore,1,111.80816281046354,1,17.176999228344258,1,11449.519168845496,50,100,2,1,uniform,0.5,purely_synthetic_experiment2,SVS,0
1.9606030084024142,0.02444928997862694,60.934212556387024,4.785156888746514,0,3,3514,AWR,1,111.80816281046354,1,17.176999228344258,1,11449.519168845496,50,100,2,1,uniform,0.5,purely_synthetic_experiment2,SVS,0
3.386578770889214,0.05073899016158252,58.80579354097313,4.446400927939219,0,3,3514,TSVD,1,111.80816281046354,1,17.176999228344258,1,11449.519168845496,50,100,2,1,uniform,0.5,purely_synthetic_experiment2,SVS,0
4.558317181175843,1.4248455609521287,125.05559060134388,9.211387863938862,0,3,3514,Bing,1,111.80816281046354,1,17.176999228344258,1,11449.519168845496,50,100,2,1,uniform,0.5,purely_synthetic_experiment2,SVS,0
2.438034917598382,0.03459757710245893,61.162168552505875,4.637535080326132,0,3,3514,Ours_0.1,1,111.80816281046354,1,17.176999228344258,1,11449.519168845496,50,100,2,1,uniform,0.5,purely_synthetic_experiment2,SVS,0
3.446997154325385,0.0629711101777533,58.37767840816814,4.414619801394687,0.6974957313602732,3,3514,Ours_0.5,1,111.80816281046354,1,17.176999228344258,1,11449.519168845496,50,100,2,1,uniform,0.5,purely_synthetic_experiment2,SVS,0
4.168769269023067,0.1235553381560545,52.41867088595328,4.040626175048338,0.8998292544109278,3,3514,Ours_1,1,111.80816281046354,1,17.176999228344258,1,11449.519168845496,50,100,2,1,uniform,0.5,purely_synthetic_experiment2,SVS,0
4.1703927655035065,0.12403314559541558,52.493547688685354,4.040555321002919,0.8998292544109278,3,3514,Ours_2,1,111.80816281046354,1,17.176999228344258,1,11449.519168845496,50,100,2,1,uniform,0.5,purely_synthetic_experiment2,SVS,0
4.1801936132308946,0.1251609422282776,52.811045584998794,4.090439962961722,0.8998292544109278,3,3514,Ours_4,1,111.80816281046354,1,17.176999228344258,1,11449.519168845496,50,100,2,1,uniform,0.5,purely_synthetic_experiment2,SVS,0
4.174695207236315,0.12413372250191168,52.339457186505086,4.038247648196103,0.8998292544109278,3,3514,Ours_8,1,111.80816281046354,1,17.176999228344258,1,11449.519168845496,50,100,2,1,uniform,0.5,purely_synthetic_experiment2,SVS,0
3.1183566757834833,0.042257340498732796,64.41167811512761,4.739261620257755,0,3,3400,LDA,1,111.80816281046354,1,17.176999228344258,1,11449.519168845496,50,100,2,5,uniform,0.5,purely_synthetic_experiment2,SVS,0
2.3623085305595737,0.04851077215148704,66.8469414819866,5.017053720559075,0,3,3400,TopicScore,1,111.80816281046354,1,17.176999228344258,1,11449.519168845496,50,100,2,5,uniform,0.5,purely_synthetic_experiment2,SVS,0
1.952135639559229,0.024853197461077094,63.83348376205709,4.869163030603102,0,3,3400,AWR,1,111.80816281046354,1,17.176999228344258,1,11449.519168845496,50,100,2,5,uniform,0.5,purely_synthetic_experiment2,SVS,0
3.6683287713533277,0.05888336219950901,55.440995080707566,4.251627031166414,0,3,3400,TSVD,1,111.80816281046354,1,17.176999228344258,1,11449.519168845496,50,100,2,5,uniform,0.5,purely_synthetic_experiment2,SVS,0
4.572298622681859,1.4275878622398204,118.12947876248938,8.69233554510634,0,3,3400,Bing,1,111.80816281046354,1,17.176999228344258,1,11449.519168845496,50,100,2,5,uniform,0.5,purely_synthetic_experiment2,SVS,0
2.3478649008764263,0.03381809456328442,64.97797504906882,4.790761943715694,0,3,3400,Ours_0.1,1,111.80816281046354,1,17.176999228344258,1,11449.519168845496,50,100,2,5,uniform,0.5,purely_synthetic_experiment2,SVS,0
3.341841593587628,0.06110958304930026,66.34561950928696,4.986752096576619,0.6720588235294118,3,3400,Ours_0.5,1,111.80816281046354,1,17.176999228344258,1,11449.519168845496,50,100,2,5,uniform,0.5,purely_synthetic_experiment2,SVS,0
4.155743181638895,0.1326855059343698,59.37572451745921,4.634150706181348,0.9,3,3400,Ours_1,1,111.80816281046354,1,17.176999228344258,1,11449.519168845496,50,100,2,5,uniform,0.5,purely_synthetic_experiment2,SVS,0
4.116369082317744,0.12094261363098781,56.74145510530743,4.316807325812845,0.9,3,3400,Ours_2,1,111.80816281046354,1,17.176999228344258,1,11449.519168845496,50,100,2,5,uniform,0.5,purely_synthetic_experiment2,SVS,0
4.1078852618347454,0.12073587119006547,58.00424031729652,4.4191174984942405,0.9,3,3400,Ours_4,1,111.80816281046354,1,17.176999228344258,1,11449.519168845496,50,100,2,5,uniform,0.5,purely_synthetic_experiment2,SVS,0
4.155234234283495,0.13104206788884495,58.28490107728984,4.52227588554274,0.9,3,3400,Ours_8,1,111.80816281046354,1,17.176999228344258,1,11449.519168845496,50,100,2,5,uniform,0.5,purely_synthetic_experiment2,SVS,0
3.134488373637287,0.042271260379725825,57.3400079391871,4.337014324791002,0,3,3424,LDA,1,111.80816281046354,1,17.176999228344258,1,11449.519168845496,50,100,2,10,uniform,0.5,purely_synthetic_experiment2,SVS,0
2.2741677438804278,0.04309048988383067,63.43920813505625,4.9448671221621625,0,3,3424,TopicScore,1,111.80816281046354,1,17.176999228344258,1,11449.519168845496,50,100,2,10,uniform,0.5,purely_synthetic_experiment2,SVS,0
1.9693533678710262,0.025053577958651214,57.776399750285876,4.569475275289174,0,3,3424,AWR,1,111.80816281046354,1,17.176999228344258,1,11449.519168845496,50,100,2,10,uniform,0.5,purely_synthetic_experiment2,SVS,0
3.4211239340152244,0.052332811943960264,56.74801482182512,4.330193051722537,0,3,3424,TSVD,1,111.80816281046354,1,17.176999228344258,1,11449.519168845496,50,100,2,10,uniform,0.5,purely_synthetic_experiment2,SVS,0
4.551691451880891,1.425300578584449,129.56492458169498,9.510727321562282,0,3,3424,Bing,1,111.80816281046354,1,17.176999228344258,1,11449.519168845496,50,100,2,10,uniform,0.5,purely_synthetic_experiment2,SVS,0
2.3083323011156387,0.032706548341579864,58.37313542429898,4.389203462080421,0,3,3424,Ours_0.1,1,111.80816281046354,1,17.176999228344258,1,11449.519168845496,50,100,2,10,uniform,0.5,purely_synthetic_experiment2,SVS,0
3.405021344375245,0.06755443041425765,57.565530558270225,4.377603205848067,0.6790303738317758,3,3424,Ours_0.5,1,111.80816281046354,1,17.176999228344258,1,11449.519168845496,50,100,2,10,uniform,0.5,purely_synthetic_experiment2,SVS,0
4.132289502253893,0.12285788495860234,62.16424148197135,5.2857834248269935,0.8998247663551402,3,3424,Ours_1,1,111.80816281046354,1,17.176999228344258,1,11449.519168845496,50,100,2,10,uniform,0.5,purely_synthetic_experiment2,SVS,0
4.122701546344664,0.11963134340826186,54.017208709053236,4.221400371608621,0.8998247663551402,3,3424,Ours_2,1,111.80816281046354,1,17.176999228344258,1,11449.519168845496,50,100,2,10,uniform,0.5,purely_synthetic_experiment2,SVS,0
4.122565574720206,0.11901980656052304,61.92733999842839,5.178639514856596,0.8998247663551402,3,3424,Ours_4,1,111.80816281046354,1,17.176999228344258,1,11449.519168845496,50,100,2,10,uniform,0.5,purely_synthetic_experiment2,SVS,0
4.129645712311463,0.12314895380288507,53.97600565675838,4.441394402882497,0.8998247663551402,3,3424,Ours_8,1,111.80816281046354,1,17.176999228344258,1,11449.519168845496,50,100,2,10,uniform,0.5,purely_synthetic_experiment2,SVS,0
3.1531387636745594,0.04269463697350025,64.23188479293967,4.825147790453866,0,3,3400,LDA,1,111.80816281046354,1,17.176999228344258,1,11449.519168845496,50,100,2,0,zipf,0.5,purely_synthetic_experiment2,SVS,0
2.295086315965408,0.03864876720169534,65.65585163664316,5.075353572987063,0,3,3400,TopicScore,1,111.80816281046354,1,17.176999228344258,1,11449.519168845496,50,100,2,0,zipf,0.5,purely_synthetic_experiment2,SVS,0
1.9893054851407557,0.025388237888106343,62.90138335168225,4.932832428345058,0,3,3400,AWR,1,111.80816281046354,1,17.176999228344258,1,11449.519168845496,50,100,2,0,zipf,0.5,purely_synthetic_experiment2,SVS,0
3.737970922135789,0.06253217606168374,61.92881352461023,4.843187145311329,0,3,3400,TSVD,1,111.80816281046354,1,17.176999228344258,1,11449.519168845496,50,100,2,0,zipf,0.5,purely_synthetic_experiment2,SVS,0
4.52522079293406,1.431333923414375,120.49652991645178,8.896749324867056,0,3,3400,Bing,1,111.80816281046354,1,17.176999228344258,1,11449.519168845496,50,100,2,0,zipf,0.5,purely_synthetic_experiment2,SVS,0
2.3578014941668264,0.03413859117633691,63.93426962998456,4.812939304369616,0,3,3400,Ours_0.1,1,111.80816281046354,1,17.176999228344258,1,11449.519168845496,50,100,2,0,zipf,0.5,purely_synthetic_experiment2,SVS,0
3.40546819002304,0.0621970201271059,63.17812557383284,4.796303263392508,0.675,3,3400,Ours_0.5,1,111.80816281046354,1,17.176999228344258,1,11449.519168845496,50,100,2,0,zipf,0.5,purely_synthetic_experiment2,SVS,0
4.161993014148898,0.13669999504373,56.63399262361359,4.3856512992311725,0.9,3,3400,Ours_1,1,111.80816281046354,1,17.176999228344258,1,11449.519168845496,50,100,2,0,zipf,0.5,purely_synthetic_experiment2,SVS,0
4.160614426039669,0.13685893789733203,59.541776761595365,4.715257469487092,0.9,3,3400,Ours_2,1,111.80816281046354,1,17.176999228344258,1,11449.519168845496,50,100,2,0,zipf,0.5,purely_synthetic_experiment2,SVS,0
4.161995289203004,0.1366386314985579,60.30427802617392,4.78106525623476,0.9,3,3400,Ours_4,1,111.80816281046354,1,17.176999228344258,1,11449.519168845496,50,100,2,0,zipf,0.5,purely_synthetic_experiment2,SVS,0
4.161680941078035,0.13673504747053652,59.859152437833004,4.73090377694484,0.9,3,3400,Ours_8,1,111.80816281046354,1,17.176999228344258,1,11449.519168845496,50,100,2,0,zipf,0.5,purely_synthetic_experiment2,SVS,0
3.1421751152466912,0.04238300650213745,56.68912598245183,4.276209529142268,0,3,3425,LDA,1,111.80816281046354,1,17.176999228344258,1,11449.519168845496,50,100,2,1,zipf,0.5,purely_synthetic_experiment2,SVS,0
2.1571354886111815,0.029243251353601795,56.99280135189428,4.367242096691423,0,3,3425,TopicScore,1,111.80816281046354,1,17.176999228344258,1,11449.519168845496,50,100,2,1,zipf,0.5,purely_synthetic_experiment2,SVS,0
1.981767056902421,0.025207294504081112,63.96557792205935,5.115529362643057,0,3,3425,AWR,1,111.80816281046354,1,17.176999228344258,1,11449.519168845496,50,100,2,1,zipf,0.5,purely_synthetic_experiment2,SVS,0
3.3826838254972067,0.052124723994784086,55.261253182433684,4.18696873147453,0,3,3425,TSVD,1,111.80816281046354,1,17.176999228344258,1,11449.519168845496,50,100,2,1,zipf,0.5,purely_synthetic_experiment2,SVS,0
4.54468267459918,1.4233528532418032,125.1449412969463,9.310545259531034,0,3,3425,Bing,1,111.80816281046354,1,17.176999228344258,1,11449.519168845496,50,100,2,1,zipf,0.5,purely_synthetic_experiment2,SVS,0
2.298932293778203,0.035471090564897424,57.23179988254119,4.325944262353062,0,3,3425,Ours_0.1,1,111.80816281046354,1,17.176999228344258,1,11449.519168845496,50,100,2,1,zipf,0.5,purely_synthetic_experiment2,SVS,0
3.3799029927837965,0.061111889526070017,54.71889524253027,4.108813642481613,0.6823357664233576,3,3425,Ours_0.5,1,111.80816281046354,1,17.176999228344258,1,11449.519168845496,50,100,2,1,zipf,0.5,purely_synthetic_experiment2,SVS,0
4.092251064446017,0.13137182335226658,56.86403553431587,4.599648338115803,0.8998540145985401,3,3425,Ours_1,1,111.80816281046354,1,17.176999228344258,1,11449.519168845496,50,100,2,1,zipf,0.5,purely_synthetic_experiment2,SVS,0
4.08881671181175,0.13055433151300389,56.65088746710489,4.642479481362285,0.8998540145985401,3,3425,Ours_2,1,111.80816281046354,1,17.176999228344258,1,11449.519168845496,50,100,2,1,zipf,0.5,purely_synthetic_experiment2,SVS,0
4.0898399397389715,0.13057457764608618,54.30812017504376,4.336342500601572,0.8998540145985401,3,3425,Ours_4,1,111.80816281046354,1,17.176999228344258,1,11449.519168845496,50,100,2,1,zipf,0.5,purely_synthetic_experiment2,SVS,0
4.098556391161382,0.13500273308534705,54.95788832848195,4.391370607910029,0.8998540145985401,3,3425,Ours_8,1,111.80816281046354,1,17.176999228344258,1,11449.519168845496,50,100,2,1,zipf,0.5,purely_synthetic_experiment2,SVS,0
3.111798958081825,0.04218235581316743,56.16008326132864,4.378163442845498,0,3,3390,LDA,1,111.80816281046354,1,17.176999228344258,1,11449.519168845496,50,100,2,5,zipf,0.5,purely_synthetic_experiment2,SVS,0
2.3485828881010504,0.0426218856599861,55.367926877900764,4.418158889640589,0,3,3390,TopicScore,1,111.80816281046354,1,17.176999228344258,1,11449.519168845496,50,100,2,5,zipf,0.5,purely_synthetic_experiment2,SVS,0
1.977179920327034,0.025196736905068004,52.683331693419824,4.2485396906095705,0,3,3390,AWR,1,111.80816281046354,1,17.176999228344258,1,11449.519168845496,50,100,2,5,zipf,0.5,purely_synthetic_experiment2,SVS,0
3.6931241879673453,0.06156933079914972,49.29278271565088,3.990683803827314,0,3,3390,TSVD,1,111.80816281046354,1,17.176999228344258,1,11449.519168845496,50,100,2,5,zipf,0.5,purely_synthetic_experiment2,SVS,0
4.527143162123494,1.4298936032237473,121.63342101868197,9.166370378049278,0,3,3390,Bing,1,111.80816281046354,1,17.176999228344258,1,11449.519168845496,50,100,2,5,zipf,0.5,purely_synthetic_experiment2,SVS,0
2.339339224570943,0.03415359381094361,55.182543631643284,4.293508597814004,0,3,3390,Ours_0.1,1,111.80816281046354,1,17.176999228344258,1,11449.519168845496,50,100,2,5,zipf,0.5,purely_synthetic_experiment2,SVS,0
3.437133811559299,0.06375940583701295,54.5869838438516,4.250541761316756,0.663716814159292,3,3390,Ours_0.5,1,111.80816281046354,1,17.176999228344258,1,11449.519168845496,50,100,2,5,zipf,0.5,purely_synthetic_experiment2,SVS,0
4.165689872955333,0.12344517613219796,46.39589986246476,3.7602645725179054,0.9,3,3390,Ours_1,1,111.80816281046354,1,17.176999228344258,1,11449.519168845496,50,100,2,5,zipf,0.5,purely_synthetic_experiment2,SVS,0
4.162098274777039,0.12250468715465357,46.778306845652146,3.7945622393152716,0.9,3,3390,Ours_2,1,111.80816281046354,1,17.176999228344258,1,11449.519168845496,50,100,2,5,zipf,0.5,purely_synthetic_experiment2,SVS,0
4.18937709704307,0.13736768799823093,52.210665951120546,4.314283557567837,0.9,3,3390,Ours_4,1,111.80816281046354,1,17.176999228344258,1,11449.519168845496,50,100,2,5,zipf,0.5,purely_synthetic_experiment2,SVS,0
4.167310632284403,0.12582219183847254,48.345409022398286,3.951496252447368,0.9,3,3390,Ours_8,1,111.80816281046354,1,17.176999228344258,1,11449.519168845496,50,100,2,5,zipf,0.5,purely_synthetic_experiment2,SVS,0
3.1212354820632298,0.042279145086809876,63.291492482547575,4.761320818754646,0,3,3437,LDA,1,111.80816281046354,1,17.176999228344258,1,11449.519168845496,50,100,2,10,zipf,0.5,purely_synthetic_experiment2,SVS,0
2.4582364469364015,0.04138682799830124,62.740361400188,4.714512359392894,0,3,3437,TopicScore,1,111.80816281046354,1,17.176999228344258,1,11449.519168845496,50,100,2,10,zipf,0.5,purely_synthetic_experiment2,SVS,0
1.966930047164971,0.02502029904750497,61.75166358852302,4.605470447438377,0,3,3437,AWR,1,111.80816281046354,1,17.176999228344258,1,11449.519168845496,50,100,2,10,zipf,0.5,purely_synthetic_experiment2,SVS,0
3.6246273514947664,0.058635521342128245,57.97526436911423,4.372158667463345,0,3,3437,TSVD,1,111.80816281046354,1,17.176999228344258,1,11449.519168845496,50,100,2,10,zipf,0.5,purely_synthetic_experiment2,SVS,0
4.5222040207778536,1.42342395160855,125.39490859901409,9.216573189800187,0,3,3437,Bing,1,111.80816281046354,1,17.176999228344258,1,11449.519168845496,50,100,2,10,zipf,0.5,purely_synthetic_experiment2,SVS,0
2.2617244721592558,0.03226037519668264,62.081814985178596,4.64008865684569,0,3,3437,Ours_0.1,1,111.80816281046354,1,17.176999228344258,1,11449.519168845496,50,100,2,10,zipf,0.5,purely_synthetic_experiment2,SVS,0
3.3871059817696167,0.06743058443093927,61.456803051118186,4.695517324847834,0.688681990107652,3,3437,Ours_0.5,1,111.80816281046354,1,17.176999228344258,1,11449.519168845496,50,100,2,10,zipf,0.5,purely_synthetic_experiment2,SVS,0
4.159705302640995,0.13284986878941932,54.33610362208184,4.106214262020119,0.8999127145766657,3,3437,Ours_1,1,111.80816281046354,1,17.176999228344258,1,11449.519168845496,50,100,2,10,zipf,0.5,purely_synthetic_experiment2,SVS,0
4.155596146977965,0.13161854482319918,55.02692590960885,4.166530995644384,0.8999127145766657,3,3437,Ours_2,1,111.80816281046354,1,17.176999228344258,1,11449.519168845496,50,100,2,10,zipf,0.5,purely_synthetic_experiment2,SVS,0
4.151518042532207,0.13014809304701952,54.60168799521324,4.110181631938428,0.8999127145766657,3,3437,Ours_4,1,111.80816281046354,1,17.176999228344258,1,11449.519168845496,50,100,2,10,zipf,0.5,purely_synthetic_experiment2,SVS,0
4.148478736391261,0.1288776706130885,57.197527103883,4.397309147911794,0.8999127145766657,3,3437,Ours_8,1,111.80816281046354,1,17.176999228344258,1,11449.519168845496,50,100,2,10,zipf,0.5,purely_synthetic_experiment2,SVS,0
3.1159888011388395,0.04209703109518997,63.414362305728005,4.635432028043944,0,3,3463,LDA,1,111.80816281046354,1,17.176999228344258,1,11449.519168845496,50,100,2,0,uniform,0.5,purely_synthetic_experiment2,SVS,0.005
2.1374790784328503,0.03163636244167398,66.17424506195877,4.907186549992741,0,3,3463,TopicScore,1,111.80816281046354,1,17.176999228344258,1,11449.519168845496,50,100,2,0,uniform,0.5,purely_synthetic_experiment2,SVS,0.005
1.9523968274910186,0.024465612390507624,61.990010976826355,4.551150830324564,0,3,3463,AWR,1,111.80816281046354,1,17.176999228344258,1,11449.519168845496,50,100,2,0,uniform,0.5,purely_synthetic_experiment2,SVS,0.005
3.7134895207591505,0.0595330562707301,66.20129575893623,5.062393198451993,0,3,3463,TSVD,1,111.80816281046354,1,17.176999228344258,1,11449.519168845496,50,100,2,0,uniform,0.5,purely_synthetic_experiment2,SVS,0.005
4.567856962643943,1.4237214840172474,122.61566786238133,8.964210111140565,0,3,3463,Bing,1,111.80816281046354,1,17.176999228344258,1,11449.519168845496,50,100,2,0,uniform,0.5,purely_synthetic_experiment2,SVS,0.005
2.2196748524580796,0.03093285816333187,64.88643055804782,4.792731461757521,0,3,3463,Ours_0.1,1,111.80816281046354,1,17.176999228344258,1,11449.519168845496,50,100,2,0,uniform,0.5,purely_synthetic_experiment2,SVS,0.005
3.4723838863814485,0.06965258216573723,64.95745157468546,4.817894759978054,0.6771585330638175,3,3463,Ours_0.5,1,111.80816281046354,1,17.176999228344258,1,11449.519168845496,50,100,2,0,uniform,0.5,purely_synthetic_experiment2,SVS,0.005
4.1540532296735755,0.11875130432400581,62.87290403343152,4.821883023770005,0.8997978631244585,3,3463,Ours_1,1,111.80816281046354,1,17.176999228344258,1,11449.519168845496,50,100,2,0,uniform,0.5,purely_synthetic_experiment2,SVS,0.005
4.153095168591537,0.11780432484320723,61.92630396849987,4.610245709205365,0.8997978631244585,3,3463,Ours_2,1,111.80816281046354,1,17.176999228344258,1,11449.519168845496,50,100,2,0,uniform,0.5,purely_synthetic_experiment2,SVS,0.005
4.1500179227529275,0.11762629328924548,63.106159149133845,4.928465371774601,0.8997978631244585,3,3463,Ours_4,1,111.80816281046354,1,17.176999228344258,1,11449.519168845496,50,100,2,0,uniform,0.5,purely_synthetic_experiment2,SVS,0.005
4.133277207870466,0.1149367049248372,61.86854476894332,4.563902750516691,0.8997978631244585,3,3463,Ours_8,1,111.80816281046354,1,17.176999228344258,1,11449.519168845496,50,100,2,0,uniform,0.5,purely_synthetic_experiment2,SVS,0.005
3.1290600220416223,0.04209179309174072,57.065608754829135,4.407419192894339,0,3,3442,LDA,1,111.80816281046354,1,17.176999228344258,1,11449.519168845496,50,100,2,1,uniform,0.5,purely_synthetic_experiment2,SVS,0.005
2.337833456023348,0.050160094962558396,58.72142150220436,4.622219778324369,0,3,3442,TopicScore,1,111.80816281046354,1,17.176999228344258,1,11449.519168845496,50,100,2,1,uniform,0.5,purely_synthetic_experiment2,SVS,0.005
1.96547450636132,0.02509043785026065,56.24910847576534,4.33705226422186,0,3,3442,AWR,1,111.80816281046354,1,17.176999228344258,1,11449.519168845496,50,100,2,1,uniform,0.5,purely_synthetic_experiment2,SVS,0.005
3.792817246934816,0.06230730292235443,47.49782423168935,3.778166327390996,0,3,3442,TSVD,1,111.80816281046354,1,17.176999228344258,1,11449.519168845496,50,100,2,1,uniform,0.5,purely_synthetic_experiment2,SVS,0.005
4.580916902828879,1.424139949314073,129.72491798980903,9.57942317246859,0,3,3442,Bing,1,111.80816281046354,1,17.176999228344258,1,11449.519168845496,50,100,2,1,uniform,0.5,purely_synthetic_experiment2,SVS,0.005
2.316703919982208,0.032315765864017985,56.114526269548904,4.331816462368113,0,3,3442,Ours_0.1,1,111.80816281046354,1,17.176999228344258,1,11449.519168845496,50,100,2,1,uniform,0.5,purely_synthetic_experiment2,SVS,0.005
3.5117881496927477,0.06474642010991037,56.622110944123186,4.403663457308949,0.6725740848343986,3,3442,Ours_0.5,1,111.80816281046354,1,17.176999228344258,1,11449.519168845496,50,100,2,1,uniform,0.5,purely_synthetic_experiment2,SVS,0.005
4.156236536681329,0.12333311715935096,49.67182255785778,3.965746175310544,0.899767576990122,3,3442,Ours_1,1,111.80816281046354,1,17.176999228344258,1,11449.519168845496,50,100,2,1,uniform,0.5,purely_synthetic_experiment2,SVS,0.005
4.164261416094432,0.12253941809204266,52.297854496051634,4.130625809810453,0.899767576990122,3,3442,Ours_2,1,111.80816281046354,1,17.176999228344258,1,11449.519168845496,50,100,2,1,uniform,0.5,purely_synthetic_experiment2,SVS,0.005
4.151525311691902,0.12222627316665757,50.46781372247304,4.029053151716831,0.899767576990122,3,3442,Ours_4,1,111.80816281046354,1,17.176999228344258,1,11449.519168845496,50,100,2,1,uniform,0.5,purely_synthetic_experiment2,SVS,0.005
4.163811032397259,0.12263515573789285,50.987428927974754,4.045226708826521,0.899767576990122,3,3442,Ours_8,1,111.80816281046354,1,17.176999228344258,1,11449.519168845496,50,100,2,1,uniform,0.5,purely_synthetic_experiment2,SVS,0.005
3.1485064311957873,0.04230808015275079,71.12825714930192,5.241617069042692,0,3,3437,LDA,1,111.80816281046354,1,17.176999228344258,1,11449.519168845496,50,100,2,5,uniform,0.5,purely_synthetic_experiment2,SVS,0.005
2.5735703343458756,0.07230559939994465,65.71605687537122,4.7781869772713135,0,3,3437,TopicScore,1,111.80816281046354,1,17.176999228344258,1,11449.519168845496,50,100,2,5,uniform,0.5,purely_synthetic_experiment2,SVS,0.005
1.9577816779537398,0.024566177443457817,70.82816649554924,5.246067352553031,0,3,3437,AWR,1,111.80816281046354,1,17.176999228344258,1,11449.519168845496,50,100,2,5,uniform,0.5,purely_synthetic_experiment2,SVS,0.005
3.3385870515459954,0.051014808678686484,71.74423022550388,5.399753084627258,0,3,3437,TSVD,1,111.80816281046354,1,17.176999228344258,1,11449.519168845496,50,100,2,5,uniform,0.5,purely_synthetic_experiment2,SVS,0.005
4.531846361136691,1.4232259148050865,123.70767237040448,8.941321758401303,0,3,3437,Bing,1,111.80816281046354,1,17.176999228344258,1,11449.519168845496,50,100,2,5,uniform,0.5,purely_synthetic_experiment2,SVS,0.005
2.380624182623776,0.03361290516233721,69.19476016872213,5.059215024384502,0,3,3437,Ours_0.1,1,111.80816281046354,1,17.176999228344258,1,11449.519168845496,50,100,2,5,uniform,0.5,purely_synthetic_experiment2,SVS,0.005
3.4118055103826745,0.06233735864249953,72.11116636342362,5.411433836318898,0.6773348850741926,3,3437,Ours_0.5,1,111.80816281046354,1,17.176999228344258,1,11449.519168845496,50,100,2,5,uniform,0.5,purely_synthetic_experiment2,SVS,0.005
4.085807298500699,0.11552486246476769,60.05565280250723,4.515519211663885,0.8999127145766657,3,3437,Ours_1,1,111.80816281046354,1,17.176999228344258,1,11449.519168845496,50,100,2,5,uniform,0.5,purely_synthetic_experiment2,SVS,0.005
4.084320166411648,0.11566273318363159,60.87037304893245,4.580391954798417,0.8999127145766657,3,3437,Ours_2,1,111.80816281046354,1,17.176999228344258,1,11449.519168845496,50,100,2,5,uniform,0.5,purely_synthetic_experiment2,SVS,0.005
4.084320166411648,0.11566273318363159,60.87037304893245,4.580391954798417,0.8999127145766657,3,3437,Ours_4,1,111.80816281046354,1,17.176999228344258,1,11449.519168845496,50,100,2,5,uniform,0.5,purely_synthetic_experiment2,SVS,0.005
4.093606522600881,0.11538334815653288,60.78926876458767,4.555756580282745,0.8999127145766657,3,3437,Ours_8,1,111.80816281046354,1,17.176999228344258,1,11449.519168845496,50,100,2,5,uniform,0.5,purely_synthetic_experiment2,SVS,0.005
3.150239219105109,0.04172439845288503,61.103463017877544,4.510050234263523,0,3,3509,LDA,1,111.80816281046354,1,17.176999228344258,1,11449.519168845496,50,100,2,10,uniform,0.5,purely_synthetic_experiment2,SVS,0.005
2.01664662756385,0.02615597684804084,65.15124719789752,4.944876886551307,0,3,3509,TopicScore,1,111.80816281046354,1,17.176999228344258,1,11449.519168845496,50,100,2,10,uniform,0.5,purely_synthetic_experiment2,SVS,0.005
1.9567891646110804,0.024264878798734766,60.91690702983258,4.477440932194788,0,3,3509,AWR,1,111.80816281046354,1,17.176999228344258,1,11449.519168845496,50,100,2,10,uniform,0.5,purely_synthetic_experiment2,SVS,0.005
3.677078047261463,0.058490366228830644,55.23703240764742,4.171935473031747,0,3,3509,TSVD,1,111.80816281046354,1,17.176999228344258,1,11449.519168845496,50,100,2,10,uniform,0.5,purely_synthetic_experiment2,SVS,0.005
4.583729987371644,1.4247514869136524,128.40967373234952,9.348741899365995,0,3,3509,Bing,1,111.80816281046354,1,17.176999228344258,1,11449.519168845496,50,100,2,10,uniform,0.5,purely_synthetic_experiment2,SVS,0.005
2.4958304445820425,0.03603805306237056,60.60326449682193,4.4765696168487334,0,3,3509,Ours_0.1,1,111.80816281046354,1,17.176999228344258,1,11449.519168845496,50,100,2,10,uniform,0.5,purely_synthetic_experiment2,SVS,0.005
3.4325168867223477,0.06161109023081205,60.698803581264784,4.4949465709134975,0.6930749501282416,3,3509,Ours_0.5,1,111.80816281046354,1,17.176999228344258,1,11449.519168845496,50,100,2,10,uniform,0.5,purely_synthetic_experiment2,SVS,0.005
4.182302817976668,0.12321590259304223,55.11029424492606,4.208440938404487,0.8999715018523796,3,3509,Ours_1,1,111.80816281046354,1,17.176999228344258,1,11449.519168845496,50,100,2,10,uniform,0.5,purely_synthetic_experiment2,SVS,0.005
4.175209142631514,0.1223542549506583,54.787185361622164,4.156285682117643,0.8999715018523796,3,3509,Ours_2,1,111.80816281046354,1,17.176999228344258,1,11449.519168845496,50,100,2,10,uniform,0.5,purely_synthetic_experiment2,SVS,0.005
4.183831156895319,0.12427321162091748,55.431855694016704,4.165813416683424,0.8999715018523796,3,3509,Ours_4,1,111.80816281046354,1,17.176999228344258,1,11449.519168845496,50,100,2,10,uniform,0.5,purely_synthetic_experiment2,SVS,0.005
4.164509263180202,0.12017127251893883,52.602387559902226,4.073766758105302,0.8999715018523796,3,3509,Ours_8,1,111.80816281046354,1,17.176999228344258,1,11449.519168845496,50,100,2,10,uniform,0.5,purely_synthetic_experiment2,SVS,0.005
1.94328382211407,0.02396218817740526,77.06604385876533,5.199164394701009,0,3,3486,LDA,1,111.80816281046354,1,17.176999228344258,1,11449.519168845496,50,100,2,0,zipf,0.5,purely_synthetic_experiment2,SVS,0.005
2.075891497416205,0.02983675623622118,64.46169401566723,5.089859694256358,0,3,3486,TopicScore,1,111.80816281046354,1,17.176999228344258,1,11449.519168845496,50,100,2,0,zipf,0.5,purely_synthetic_experiment2,SVS,0.005
1.9792895449419632,0.025135382620117993,62.45547346963912,4.85225773759414,0,3,3486,AWR,1,111.80816281046354,1,17.176999228344258,1,11449.519168845496,50,100,2,0,zipf,0.5,purely_synthetic_experiment2,SVS,0.005
3.3714411443247263,0.05033301233953497,60.96107252273024,4.720865449900396,0,3,3486,TSVD,1,111.80816281046354,1,17.176999228344258,1,11449.519168845496,50,100,2,0,zipf,0.5,purely_synthetic_experiment2,SVS,0.005
4.592701238486636,1.423919820032041,122.45054915290393,9.100077734152697,0,3,3486,Bing,1,111.80816281046354,1,17.176999228344258,1,11449.519168845496,50,100,2,0,zipf,0.5,purely_synthetic_experiment2,SVS,0.005
2.5057238789501515,0.03993105018806843,61.6216812187955,4.744353874209851,0,3,3486,Ours_0.1,1,111.80816281046354,1,17.176999228344258,1,11449.519168845496,50,100,2,0,zipf,0.5,purely_synthetic_experiment2,SVS,0.005
3.484558593138732,0.07041565124995211,61.82425357157275,4.731123983850437,0.6844520940906483,3,3486,Ours_0.5,1,111.80816281046354,1,17.176999228344258,1,11449.519168845496,50,100,2,0,zipf,0.5,purely_synthetic_experiment2,SVS,0.005
4.181894231469445,0.12018777564793717,55.90763020891601,4.3699507663455,0.8998852553069421,3,3486,Ours_1,1,111.80816281046354,1,17.176999228344258,1,11449.519168845496,50,100,2,0,zipf,0.5,purely_synthetic_experiment2,SVS,0.005
4.2039331691772635,0.12023949068024377,62.87907463398588,5.099980583223366,0.8998852553069421,3,3486,Ours_2,1,111.80816281046354,1,17.176999228344258,1,11449.519168845496,50,100,2,0,zipf,0.5,purely_synthetic_experiment2,SVS,0.005
4.164864233952061,0.11687607591110188,57.424210135563,4.511523969881302,0.8998852553069421,3,3486,Ours_4,1,111.80816281046354,1,17.176999228344258,1,11449.519168845496,50,100,2,0,zipf,0.5,purely_synthetic_experiment2,SVS,0.005
4.181174997408064,0.12133747565009524,54.035715237506636,4.251853065625831,0.8998852553069421,3,3486,Ours_8,1,111.80816281046354,1,17.176999228344258,1,11449.519168845496,50,100,2,0,zipf,0.5,purely_synthetic_experiment2,SVS,0.005
3.146783706054308,0.04276974108641978,60.28427509288323,4.49711002316932,0,3,3427,LDA,1,111.80816281046354,1,17.176999228344258,1,11449.519168845496,50,100,2,1,zipf,0.5,purely_synthetic_experiment2,SVS,0.005
2.3295941645622924,0.03607061262678713,61.82454141599835,4.679577524606745,0,3,3427,TopicScore,1,111.80816281046354,1,17.176999228344258,1,11449.519168845496,50,100,2,1,zipf,0.5,purely_synthetic_experiment2,SVS,0.005
1.9505456637071692,0.024548047080250775,59.75125637799423,4.5700910798128715,0,3,3427,AWR,1,111.80816281046354,1,17.176999228344258,1,11449.519168845496,50,100,2,1,zipf,0.5,purely_synthetic_experiment2,SVS,0.005
3.3733385030862943,0.05385758364162928,62.778812715173004,4.848800000140984,0,3,3427,TSVD,1,111.80816281046354,1,17.176999228344258,1,11449.519168845496,50,100,2,1,zipf,0.5,purely_synthetic_experiment2,SVS,0.005
4.540663060729606,1.4275444729696303,120.97547632296384,8.963814598658079,0,3,3427,Bing,1,111.80816281046354,1,17.176999228344258,1,11449.519168845496,50,100,2,1,zipf,0.5,purely_synthetic_experiment2,SVS,0.005
2.393723979401969,0.033621525519150396,61.38375751872761,4.604864722058769,0,3,3427,Ours_0.1,1,111.80816281046354,1,17.176999228344258,1,11449.519168845496,50,100,2,1,zipf,0.5,purely_synthetic_experiment2,SVS,0.005
3.4086386553047343,0.06079826598192745,59.56764153629648,4.501293140583048,0.6787277502188502,3,3427,Ours_0.5,1,111.80816281046354,1,17.176999228344258,1,11449.519168845496,50,100,2,1,zipf,0.5,purely_synthetic_experiment2,SVS,0.005
4.1575111612468385,0.1337772674580077,59.66370249781225,4.471350396330323,0.8999124598774438,3,3427,Ours_1,1,111.80816281046354,1,17.176999228344258,1,11449.519168845496,50,100,2,1,zipf,0.5,purely_synthetic_experiment2,SVS,0.005
4.132348961363777,0.11851738367214967,56.73524045827209,4.303323937176382,0.8999124598774438,3,3427,Ours_2,1,111.80816281046354,1,17.176999228344258,1,11449.519168845496,50,100,2,1,zipf,0.5,purely_synthetic_experiment2,SVS,0.005
4.129803490259297,0.11885668809186767,56.946415174927566,4.349402172424539,0.8999124598774438,3,3427,Ours_4,1,111.80816281046354,1,17.176999228344258,1,11449.519168845496,50,100,2,1,zipf,0.5,purely_synthetic_experiment2,SVS,0.005
4.118684405735289,0.11695131869614991,56.89446160554825,4.335406954029265,0.8999124598774438,3,3427,Ours_8,1,111.80816281046354,1,17.176999228344258,1,11449.519168845496,50,100,2,1,zipf,0.5,purely_synthetic_experiment2,SVS,0.005
3.12799647649974,0.0423099460033385,62.45492711467019,4.589670964630414,0,3,3421,LDA,1,111.80816281046354,1,17.176999228344258,1,11449.519168845496,50,100,2,5,zipf,0.5,purely_synthetic_experiment2,SVS,0.005
2.0544109517515308,0.02696500706911598,67.21258971705724,5.056593202984937,0,3,3421,TopicScore,1,111.80816281046354,1,17.176999228344258,1,11449.519168845496,50,100,2,5,zipf,0.5,purely_synthetic_experiment2,SVS,0.005
1.966918197652498,0.024880221440727893,61.47885668768178,4.555251192214006,0,3,3421,AWR,1,111.80816281046354,1,17.176999228344258,1,11449.519168845496,50,100,2,5,zipf,0.5,purely_synthetic_experiment2,SVS,0.005
3.787774823800475,0.06294263180310353,53.06312647632646,4.0462088789619655,0,3,3421,TSVD,1,111.80816281046354,1,17.176999228344258,1,11449.519168845496,50,100,2,5,zipf,0.5,purely_synthetic_experiment2,SVS,0.005
4.518932761013369,1.424763252600709,120.39944174765328,8.872973276032383,0,3,3421,Bing,1,111.80816281046354,1,17.176999228344258,1,11449.519168845496,50,100,2,5,zipf,0.5,purely_synthetic_experiment2,SVS,0.005
2.366145822165587,0.03488796583116723,64.07347040145055,4.7360337313903145,0,3,3421,Ours_0.1,1,111.80816281046354,1,17.176999228344258,1,11449.519168845496,50,100,2,5,zipf,0.5,purely_synthetic_experiment2,SVS,0.005
3.548997301608918,0.0838363107630775,62.348153919500284,4.641492796407448,0.6775796550716164,3,3421,Ours_0.5,1,111.80816281046354,1,17.176999228344258,1,11449.519168845496,50,100,2,5,zipf,0.5,purely_synthetic_experiment2,SVS,0.005
4.1122434161350645,0.12088797851211348,60.76288542373386,4.523080421902186,0.8997369190295236,3,3421,Ours_1,1,111.80816281046354,1,17.176999228344258,1,11449.519168845496,50,100,2,5,zipf,0.5,purely_synthetic_experiment2,SVS,0.005
4.119828349326207,0.11981025704671928,58.10217053526533,4.450191486652667,0.8997369190295236,3,3421,Ours_2,1,111.80816281046354,1,17.176999228344258,1,11449.519168845496,50,100,2,5,zipf,0.5,purely_synthetic_experiment2,SVS,0.005
4.1122434161350645,0.12088797851211348,60.76288542373386,4.523080421902186,0.8997369190295236,3,3421,Ours_4,1,111.80816281046354,1,17.176999228344258,1,11449.519168845496,50,100,2,5,zipf,0.5,purely_synthetic_experiment2,SVS,0.005
4.113050604152243,0.12101916038389814,60.65823199313855,4.522079026550153,0.8997369190295236,3,3421,Ours_8,1,111.80816281046354,1,17.176999228344258,1,11449.519168845496,50,100,2,5,zipf,0.5,purely_synthetic_experiment2,SVS,0.005
3.138792947138439,0.042655794346732286,59.71111975560329,4.4358039811347245,0,3,3446,LDA,1,111.80816281046354,1,17.176999228344258,1,11449.519168845496,50,100,2,10,zipf,0.5,purely_synthetic_experiment2,SVS,0.005
2.259536703774072,0.04253749931186577,62.94418683317896,4.776375706965981,0,3,3446,TopicScore,1,111.80816281046354,1,17.176999228344258,1,11449.519168845496,50,100,2,10,zipf,0.5,purely_synthetic_experiment2,SVS,0.005
1.9542022192697035,0.02446450274311576,60.95853780407374,4.549034204434718,0,3,3446,AWR,1,111.80816281046354,1,17.176999228344258,1,11449.519168845496,50,100,2,10,zipf,0.5,purely_synthetic_experiment2,SVS,0.005
3.804768805532113,0.06300338106248347,50.77547444333942,3.908107123850855,0,3,3446,TSVD,1,111.80816281046354,1,17.176999228344258,1,11449.519168845496,50,100,2,10,zipf,0.5,purely_synthetic_experiment2,SVS,0.005
4.53107393618514,1.4231729372956594,126.18133447017539,9.267926951032274,0,3,3446,Bing,1,111.80816281046354,1,17.176999228344258,1,11449.519168845496,50,100,2,10,zipf,0.5,purely_synthetic_experiment2,SVS,0.005
2.3974310650215918,0.03454902630042638,58.5650514972526,4.374300671948558,0,3,3446,Ours_0.1,1,111.80816281046354,1,17.176999228344258,1,11449.519168845496,50,100,2,10,zipf,0.5,purely_synthetic_experiment2,SVS,0.005
3.4018517818726295,0.06042417487048381,58.25665652117884,4.40028583099314,0.68398142774231,3,3446,Ours_0.5,1,111.80816281046354,1,17.176999228344258,1,11449.519168845496,50,100,2,10,zipf,0.5,purely_synthetic_experiment2,SVS,0.005
4.0846986250175155,0.1197504274207764,58.38288771534596,4.366335319140183,0.899883923389437,3,3446,Ours_1,1,111.80816281046354,1,17.176999228344258,1,11449.519168845496,50,100,2,10,zipf,0.5,purely_synthetic_experiment2,SVS,0.005
4.0846986250175155,0.1197504274207764,58.347483952216884,4.349213232957656,0.899883923389437,3,3446,Ours_2,1,111.80816281046354,1,17.176999228344258,1,11449.519168845496,50,100,2,10,zipf,0.5,purely_synthetic_experiment2,SVS,0.005
4.0846986250175155,0.1197504274207764,58.38288771534596,4.366335319140183,0.899883923389437,3,3446,Ours_4,1,111.80816281046354,1,17.176999228344258,1,11449.519168845496,50,100,2,10,zipf,0.5,purely_synthetic_experiment2,SVS,0.005
4.0846986250175155,0.1197504274207764,58.38288771534596,4.366335319140183,0.899883923389437,3,3446,Ours_8,1,111.80816281046354,1,17.176999228344258,1,11449.519168845496,50,100,2,10,zipf,0.5,purely_synthetic_experiment2,SVS,0.005
3.1400024204878676,0.04209424735226622,58.73173000422019,4.539542854552968,0,3,3473,LDA,1,111.80816281046354,1,17.176999228344258,1,11449.519168845496,50,100,2,0,uniform,0.5,purely_synthetic_experiment2,SVS,0.01
2.182203764326872,0.03570205881591497,57.2151004213795,4.385024653431304,0,3,3473,TopicScore,1,111.80816281046354,1,17.176999228344258,1,11449.519168845496,50,100,2,0,uniform,0.5,purely_synthetic_experiment2,SVS,0.01
1.9774001514498842,0.025011311077907303,54.65357890150529,4.297443401878266,0,3,3473,AWR,1,111.80816281046354,1,17.176999228344258,1,11449.519168845496,50,100,2,0,uniform,0.5,purely_synthetic_experiment2,SVS,0.01
3.3081753014861555,0.050253698958005945,60.622115966447545,4.734254750416317,0,3,3473,TSVD,1,111.80816281046354,1,17.176999228344258,1,11449.519168845496,50,100,2,0,uniform,0.5,purely_synthetic_experiment2,SVS,0.01
4.5761945835568225,1.4251916593442624,120.70781172417179,9.082138245881685,0,3,3473,Bing,1,111.80816281046354,1,17.176999228344258,1,11449.519168845496,50,100,2,0,uniform,0.5,purely_synthetic_experiment2,SVS,0.01
2.357353677675764,0.032345593609418244,56.34887281549343,4.337907781670408,0,3,3473,Ours_0.1,1,111.80816281046354,1,17.176999228344258,1,11449.519168845496,50,100,2,0,uniform,0.5,purely_synthetic_experiment2,SVS,0.01
3.4713787754280108,0.06531554499065534,56.884680038772935,4.341848891957308,0.6798157212784337,3,3473,Ours_0.5,1,111.80816281046354,1,17.176999228344258,1,11449.519168845496,50,100,2,0,uniform,0.5,purely_synthetic_experiment2,SVS,0.01
4.121409069435419,0.11835444859268533,54.74352783487842,4.2641740969466895,0.8997984451482868,3,3473,Ours_1,1,111.80816281046354,1,17.176999228344258,1,11449.519168845496,50,100,2,0,uniform,0.5,purely_synthetic_experiment2,SVS,0.01
4.125894096874901,0.1195280952469329,54.12960738655284,4.212357866654414,0.8997984451482868,3,3473,Ours_2,1,111.80816281046354,1,17.176999228344258,1,11449.519168845496,50,100,2,0,uniform,0.5,purely_synthetic_experiment2,SVS,0.01
4.15548271511155,0.12955453918827023,53.93509291256677,4.343713377155261,0.8997984451482868,3,3473,Ours_4,1,111.80816281046354,1,17.176999228344258,1,11449.519168845496,50,100,2,0,uniform,0.5,purely_synthetic_experiment2,SVS,0.01
4.13525012944236,0.12462322264837854,61.58630166953858,5.003792842030662,0.8997984451482868,3,3473,Ours_8,1,111.80816281046354,1,17.176999228344258,1,11449.519168845496,50,100,2,0,uniform,0.5,purely_synthetic_experiment2,SVS,0.01
3.1645883407077635,0.04247369210733852,57.25212146344979,4.35450176300948,0,3,3456,LDA,1,111.80816281046354,1,17.176999228344258,1,11449.519168845496,50,100,2,1,uniform,0.5,purely_synthetic_experiment2,SVS,0.01
2.816165016008898,0.14544453333322577,73.33249447647965,5.884767139988054,0,3,3456,TopicScore,1,111.80816281046354,1,17.176999228344258,1,11449.519168845496,50,100,2,1,uniform,0.5,purely_synthetic_experiment2,SVS,0.01
2.0015836198750354,0.02541750481976227,57.55104872523629,4.483531429848993,0,3,3456,AWR,1,111.80816281046354,1,17.176999228344258,1,11449.519168845496,50,100,2,1,uniform,0.5,purely_synthetic_experiment2,SVS,0.01
3.6743899276424408,0.058657655586553115,54.359634617170784,4.224818250848499,0,3,3456,TSVD,1,111.80816281046354,1,17.176999228344258,1,11449.519168845496,50,100,2,1,uniform,0.5,purely_synthetic_experiment2,SVS,0.01
4.548851077429838,1.4230441580293767,116.88341924248638,8.862671266814743,0,3,3456,Bing,1,111.80816281046354,1,17.176999228344258,1,11449.519168845496,50,100,2,1,uniform,0.5,purely_synthetic_experiment2,SVS,0.01
2.331495654760228,0.03313113232794593,55.90706041405559,4.240568458458783,0,3,3456,Ours_0.1,1,111.80816281046354,1,17.176999228344258,1,11449.519168845496,50,100,2,1,uniform,0.5,purely_synthetic_experiment2,SVS,0.01
3.396615667391975,0.05880273965277603,59.79062563845898,4.764523402920753,0.6715856481481481,3,3456,Ours_0.5,1,111.80816281046354,1,17.176999228344258,1,11449.519168845496,50,100,2,1,uniform,0.5,purely_synthetic_experiment2,SVS,0.01
4.189333521894078,0.13337553340537686,54.338781638691145,4.324570783020946,0.8998842592592593,3,3456,Ours_1,1,111.80816281046354,1,17.176999228344258,1,11449.519168845496,50,100,2,1,uniform,0.5,purely_synthetic_experiment2,SVS,0.01
4.183419059342632,0.13145209878909578,55.39242940012773,4.466353097173092,0.8998842592592593,3,3456,Ours_2,1,111.80816281046354,1,17.176999228344258,1,11449.519168845496,50,100,2,1,uniform,0.5,purely_synthetic_experiment2,SVS,0.01
4.184718464963315,0.13219959434061931,58.951709786771666,4.892492199045454,0.8998842592592593,3,3456,Ours_4,1,111.80816281046354,1,17.176999228344258,1,11449.519168845496,50,100,2,1,uniform,0.5,purely_synthetic_experiment2,SVS,0.01
4.172114511375737,0.12841857748761304,55.094621281836034,4.472584956470039,0.8998842592592593,3,3456,Ours_8,1,111.80816281046354,1,17.176999228344258,1,11449.519168845496,50,100,2,1,uniform,0.5,purely_synthetic_experiment2,SVS,0.01
3.186335439318893,0.04295237985974076,61.65149956986823,4.58060039652496,0,3,3476,LDA,1,111.80816281046354,1,17.176999228344258,1,11449.519168845496,50,100,2,5,uniform,0.5,purely_synthetic_experiment2,SVS,0.01
2.074889440902569,0.02689874395456511,66.02628632297936,4.98356020183071,0,3,3476,TopicScore,1,111.80816281046354,1,17.176999228344258,1,11449.519168845496,50,100,2,5,uniform,0.5,purely_synthetic_experiment2,SVS,0.01
1.954078951148719,0.024378906782614403,64.86280415541768,4.866831190720174,0,3,3476,AWR,1,111.80816281046354,1,17.176999228344258,1,11449.519168845496,50,100,2,5,uniform,0.5,purely_synthetic_experiment2,SVS,0.01
3.8111010797649043,0.063191600693959,57.24971941445756,4.375941644927898,0,3,3476,TSVD,1,111.80816281046354,1,17.176999228344258,1,11449.519168845496,50,100,2,5,uniform,0.5,purely_synthetic_experiment2,SVS,0.01
4.541838188566913,1.4241105052689031,130.03483293652556,9.411900213862662,0,3,3476,Bing,1,111.80816281046354,1,17.176999228344258,1,11449.519168845496,50,100,2,5,uniform,0.5,purely_synthetic_experiment2,SVS,0.01
2.428089152129283,0.03476567796276588,62.71160819454461,4.649146309074301,0,3,3476,Ours_0.1,1,111.80816281046354,1,17.176999228344258,1,11449.519168845496,50,100,2,5,uniform,0.5,purely_synthetic_experiment2,SVS,0.01
3.3682967539808732,0.06642047487418705,60.07552378916146,4.563694508953544,0.6809551208285385,3,3476,Ours_0.5,1,111.80816281046354,1,17.176999228344258,1,11449.519168845496,50,100,2,5,uniform,0.5,purely_synthetic_experiment2,SVS,0.01
4.140044459172834,0.1342559930273083,55.090248110953546,4.286563222177658,0.8998849252013809,3,3476,Ours_1,1,111.80816281046354,1,17.176999228344258,1,11449.519168845496,50,100,2,5,uniform,0.5,purely_synthetic_experiment2,SVS,0.01
4.13080326929595,0.1309609319345298,54.66094930149935,4.255112452199935,0.8998849252013809,3,3476,Ours_2,1,111.80816281046354,1,17.176999228344258,1,11449.519168845496,50,100,2,5,uniform,0.5,purely_synthetic_experiment2,SVS,0.01
4.1381746427645645,0.13207626736280556,54.471568193258136,4.29968025965346,0.8998849252013809,3,3476,Ours_4,1,111.80816281046354,1,17.176999228344258,1,11449.519168845496,50,100,2,5,uniform,0.5,purely_synthetic_experiment2,SVS,0.01
4.135199689084849,0.13170748946590463,54.65101488008171,4.232563765404125,0.8998849252013809,3,3476,Ours_8,1,111.80816281046354,1,17.176999228344258,1,11449.519168845496,50,100,2,5,uniform,0.5,purely_synthetic_experiment2,SVS,0.01
3.13685247818356,0.04209481698909982,61.53907912924931,4.564716797061748,0,3,3485,LDA,1,111.80816281046354,1,17.176999228344258,1,11449.519168845496,50,100,2,10,uniform,0.5,purely_synthetic_experiment2,SVS,0.01
2.1370402619813205,0.02875963078975803,64.8284175396185,4.894336744011363,0,3,3485,TopicScore,1,111.80816281046354,1,17.176999228344258,1,11449.519168845496,50,100,2,10,uniform,0.5,purely_synthetic_experiment2,SVS,0.01
1.9839933979369018,0.025048590784583626,62.59613375110961,4.623075968572903,0,3,3485,AWR,1,111.80816281046354,1,17.176999228344258,1,11449.519168845496,50,100,2,10,uniform,0.5,purely_synthetic_experiment2,SVS,0.01
3.4109652472440795,0.051946615496047434,62.690283049197944,4.758975061634847,0,3,3485,TSVD,1,111.80816281046354,1,17.176999228344258,1,11449.519168845496,50,100,2,10,uniform,0.5,purely_synthetic_experiment2,SVS,0.01
4.539119591457468,1.4238268714094922,117.01816629568975,8.702710073017515,0,3,3485,Bing,1,111.80816281046354,1,17.176999228344258,1,11449.519168845496,50,100,2,10,uniform,0.5,purely_synthetic_experiment2,SVS,0.01
2.409773415932531,0.033765329880016515,62.657382052641665,4.629695423321911,0,3,3485,Ours_0.1,1,111.80816281046354,1,17.176999228344258,1,11449.519168845496,50,100,2,10,uniform,0.5,purely_synthetic_experiment2,SVS,0.01
3.4876189749920963,0.07573793006240799,61.79812537140324,4.679296967875775,0.6826398852223816,3,3485,Ours_0.5,1,111.80816281046354,1,17.176999228344258,1,11449.519168845496,50,100,2,10,uniform,0.5,purely_synthetic_experiment2,SVS,0.01
4.1548996023600635,0.1264897970865577,61.23552241789965,4.703780836523718,0.8998565279770445,3,3485,Ours_1,1,111.80816281046354,1,17.176999228344258,1,11449.519168845496,50,100,2,10,uniform,0.5,purely_synthetic_experiment2,SVS,0.01
4.153547344044289,0.1249533508360682,59.89956005772544,4.586146603916984,0.8998565279770445,3,3485,Ours_2,1,111.80816281046354,1,17.176999228344258,1,11449.519168845496,50,100,2,10,uniform,0.5,purely_synthetic_experiment2,SVS,0.01
4.152572915903572,0.12597514555331163,61.218489670959485,4.732107237683156,0.8998565279770445,3,3485,Ours_4,1,111.80816281046354,1,17.176999228344258,1,11449.519168845496,50,100,2,10,uniform,0.5,purely_synthetic_experiment2,SVS,0.01
4.153547344044289,0.1249533508360682,59.89956005772544,4.586146603916984,0.8998565279770445,3,3485,Ours_8,1,111.80816281046354,1,17.176999228344258,1,11449.519168845496,50,100,2,10,uniform,0.5,purely_synthetic_experiment2,SVS,0.01
3.1624447136338887,0.04263488248785496,62.103111578985846,4.579021289621519,0,3,3463,LDA,1,111.80816281046354,1,17.176999228344258,1,11449.519168845496,50,100,2,0,zipf,0.5,purely_synthetic_experiment2,SVS,0.01
2.4511976918314202,0.04620621514699249,68.33442592959729,5.225948236109097,0,3,3463,TopicScore,1,111.80816281046354,1,17.176999228344258,1,11449.519168845496,50,100,2,0,zipf,0.5,purely_synthetic_experiment2,SVS,0.01
1.953295726053977,0.024394370509112192,62.888752377768185,4.691723395519114,0,3,3463,AWR,1,111.80816281046354,1,17.176999228344258,1,11449.519168845496,50,100,2,0,zipf,0.5,purely_synthetic_experiment2,SVS,0.01
3.5704622484066073,0.0544851815229723,58.21006137350736,4.3951670863262455,0,3,3463,TSVD,1,111.80816281046354,1,17.176999228344258,1,11449.519168845496,50,100,2,0,zipf,0.5,purely_synthetic_experiment2,SVS,0.01
4.5472469861379246,1.4236420297980135,125.62518975752468,9.174989213890589,0,3,3463,Bing,1,111.80816281046354,1,17.176999228344258,1,11449.519168845496,50,100,2,0,zipf,0.5,purely_synthetic_experiment2,SVS,0.01
2.4973594564122528,0.03834511700245374,66.98559156100518,5.097742789874084,0,3,3463,Ours_0.1,1,111.80816281046354,1,17.176999228344258,1,11449.519168845496,50,100,2,0,zipf,0.5,purely_synthetic_experiment2,SVS,0.01
3.568069181338926,0.07977605838234837,61.926984131344476,4.660946848952418,0.6803349696794687,3,3463,Ours_0.5,1,111.80816281046354,1,17.176999228344258,1,11449.519168845496,50,100,2,0,zipf,0.5,purely_synthetic_experiment2,SVS,0.01
4.21547267342779,0.12632927643755396,57.19349893524066,4.329965784135951,0.8997978631244585,3,3463,Ours_1,1,111.80816281046354,1,17.176999228344258,1,11449.519168845496,50,100,2,0,zipf,0.5,purely_synthetic_experiment2,SVS,0.01
4.138229538818907,0.11719265741859758,55.831344356245395,4.257388333687725,0.8997978631244585,3,3463,Ours_2,1,111.80816281046354,1,17.176999228344258,1,11449.519168845496,50,100,2,0,zipf,0.5,purely_synthetic_experiment2,SVS,0.01
4.194155108147228,0.12630571614189018,57.35809323650945,4.296191155681485,0.8997978631244585,3,3463,Ours_4,1,111.80816281046354,1,17.176999228344258,1,11449.519168845496,50,100,2,0,zipf,0.5,purely_synthetic_experiment2,SVS,0.01
4.18670680843455,0.12394068865547739,57.53116036717507,4.32897804727556,0.8997978631244585,3,3463,Ours_8,1,111.80816281046354,1,17.176999228344258,1,11449.519168845496,50,100,2,0,zipf,0.5,purely_synthetic_experiment2,SVS,0.01
